bfs-14.trace.gz
	INCLUSIVE
		fifo_ipc= [0.17799, 0.15935, 0.129338, 0.0976919]
		fifo_dram_access= [4.893877863426232, 4.762422327043794, 4.689423963257668, 4.196826549038916]
		lfu_ipc= [0.183332, 0.162209, 0.130495, 0.0959638]
		lfu_dram_access= [4.706307599829874, 4.647960053087353, 4.621118906416056, 4.34823900692747]
		lru_ipc= [0.181809, 0.161778, 0.130384, 0.094788]
		lru_dram_access= [4.7594008436466435, 4.6680290864205, 4.638396303700061, 4.4691096267530135]
		random_ipc= [0.178359, 0.159699, 0.13207, 0.106648]
		random_dram_access= [4.893276778838946, 4.75341583025707, 4.494922457984556, 3.4324649682820305]
	non-inclusive
		fifo_ipc= [0.181509, 0.160868, 0.130023, 0.0979878]
		fifo_dram_access= [4.79312707205297, 4.723874710158147, 4.675302401002352, 4.2068300337431275]
		lfu_ipc= [0.185247, 0.163072, 0.130871, 0.0961359]
		lfu_dram_access= [4.654299688661377, 4.625777245827241, 4.612929090520033, 4.347769342586465]
		lru_ipc= [0.184027, 0.162719, 0.130818, 0.0950804]
		lru_dram_access= [4.700290140274284, 4.644720742196147, 4.629008259057462, 4.462797156657685]
		random_ipc= [0.181608, 0.161087, 0.132533, 0.10703]
		random_dram_access= [4.924640434420787, 4.773438985685508, 4.506751374412874, 3.4459047209752276]
	semi-exclusive
		fifo_ipc= [0.166453, 0.150182, 0.135504, 0.114752]
		fifo_dram_access= [9.645317570194123, 9.495190783340005, 8.56556320193721, 7.354943819412682]
		lfu_ipc= [0.167186, 0.148535, 0.122495, 0.0978798]
		lfu_dram_access= [9.60644472397288, 9.591250480028174, 9.482631932768895, 8.643816992496273]
		lru_ipc= [0.167214, 0.148563, 0.122628, 0.0971641]
		lru_dram_access= [9.60499706453207, 9.58976624402813, 9.473187453891137, 8.708700006046689]
		random_ipc= [0.166667, 0.14841, 0.123739, 0.101297]
		random_dram_access= [9.624587240334334, 9.585485255439337, 9.377414218175826, 8.332244412286451]
	exclusive
		fifo_ipc= [0.171049, 0.151535, 0.124439, 0.0983649]
		fifo_dram_access= [9.714333200190916, 9.699060181990978, 9.588233125396334, 8.81288873852496]
		lfu_ipc= [0.170991, 0.151507, 0.124357, 0.0988304]
		lfu_dram_access= [9.716770783000895, 9.700476135665742, 9.593510622256321, 8.77112916748702]
		lru_ipc= [0.171049, 0.151535, 0.124449, 0.0983623]
		lru_dram_access= [9.714333200190916, 9.699060181990978, 9.58722616528724, 8.813630912245369]
		random_ipc= [0.170241, 0.151237, 0.125718, 0.102772]
		random_dram_access= [9.732998551675086, 9.69759756261217, 9.483013518310338, 8.44403581857454]
cc-14.trace.gz
	INCLUSIVE
		fifo_ipc= [0.205899, 0.2174, 0.200042, 0.152436]
		fifo_dram_access= [6.874112179030102, 3.6474396769459143, 2.1312018454728503, 1.4182819625747765]
		lfu_ipc= [0.22837, 0.272372, 0.23976, 0.159082]
		lfu_dram_access= [4.9757068299567635, 1.8409147530651446, 1.2130139628313326, 1.1903726959737813]
		lru_ipc= [0.218864, 0.251322, 0.235363, 0.159065]
		lru_dram_access= [5.685613901598306, 2.315762299929984, 1.2663412469954776, 1.1906499207083652]
		random_ipc= [0.206191, 0.217729, 0.201923, 0.157506]
		random_dram_access= [6.862523902473454, 3.6371042915902994, 2.011350761803977, 1.2307460630308882]
	non-inclusive
		fifo_ipc= [0.207399, 0.217989, 0.200019, 0.15203]
		fifo_dram_access= [6.798904428459053, 3.649134754142608, 2.13714153982419, 1.439240906256135]
		lfu_ipc= [0.228639, 0.272793, 0.239795, 0.159196]
		lfu_dram_access= [4.962973594583827, 1.8345140788522012, 1.2144300647096757, 1.1905233924975656]
		lru_ipc= [0.219145, 0.251591, 0.235251, 0.159176]
		lru_dram_access= [5.670406428803967, 2.3128977133683706, 1.27022301875676, 1.1908268487579452]
		random_ipc= [0.207728, 0.218317, 0.201962, 0.15672]
		random_dram_access= [6.828932678854324, 3.639275381154642, 2.0226088663009416, 1.2575348881584083]
	semi-exclusive
		fifo_ipc= [0.163383, 0.156178, 0.148349, 0.145599]
		fifo_dram_access= [23.963131292934083, 22.22044090904836, 18.65652859905772, 14.51325874662531]
		lfu_ipc= [0.222862, 0.236913, 0.211064, 0.149095]
		lfu_dram_access= [17.932552951461435, 15.690746254284926, 14.590514174739875, 14.32405137095053]
		lru_ipc= [0.225221, 0.245886, 0.215254, 0.149134]
		lru_dram_access= [17.793281935898104, 15.376511256351371, 14.459158010839396, 14.322185066828952]
		random_ipc= [0.215362, 0.222833, 0.198272, 0.148261]
		random_dram_access= [18.40514958512704, 16.279544417433762, 15.045565926430285, 14.363051498255597]
	exclusive
		fifo_ipc= [0.230245, 0.248595, 0.221586, 0.157956]
		fifo_dram_access= [17.641467367650947, 15.279042556834858, 14.375021781521152, 14.243364142398507]
		lfu_ipc= [0.227636, 0.238966, 0.215645, 0.157876]
		lfu_dram_access= [17.794629907399372, 15.596134843860096, 14.51432754564817, 14.245553258399049]
		lru_ipc= [0.230245, 0.248595, 0.221585, 0.157955]
		lru_dram_access= [17.641467367650947, 15.279042556834858, 14.375045355528682, 14.243372817912924]
		random_ipc= [0.220041, 0.224936, 0.20086, 0.15688]
		random_dram_access= [18.286200341545577, 16.163462441648242, 14.953785720789273, 14.273262203430967]
